0
7
43
120
147
78
112
28
56
1
8
19
95
1
167
109
45
153
52
2
7
60
49
58
11
188
187
216
3
7
249
16
154
108
156
3
48
4
8
88
154
82
11
0
146
204
81
5
7
205
158
133
147
79
127
156
6
8
68
138
196
108
36
65
183
143
7
7
199
184
147
109
35
23
204
8
7
52
56
180
4
164
116
115
9
8
197
2
13
156
8
59
151
44
10
7
228
196
157
185
109
65
171
11
8
107
27
108
128
160
69
111
14
12
7
1
208
128
169
65
3
47
13
8
138
134
154
182
28
108
39
202
14
8
52
137
51
160
47
155
167
213
15
8
165
162
87
213
181
58
148
220
16
6
243
170
205
51
43
150
17
6
87
166
60
158
0
5
18
7
197
205
192
13
159
161
131
19
7
4
109
20
160
229
205
26
20
7
115
56
47
52
4
186
116
21
8
203
197
13
151
2
0
131
8
22
8
63
228
196
157
8
171
80
109
23
8
107
111
128
180
27
188
154
42
24
6
155
174
1
16
47
54
25
8
28
13
18
134
39
123
29
197
26
7
138
137
52
213
51
169
30
27
7
110
181
220
165
162
26
13
28
8
121
188
10
53
95
45
222
218
29
6
126
60
214
166
188
31
30
5
18
106
90
13
150
31
7
99
55
8
216
160
146
229
32
7
58
176
144
173
171
19
22
33
6
176
10
199
142
84
53
34
7
143
80
15
166
47
18
153
35
6
77
180
95
201
117
189
36
8
21
228
17
116
226
47
224
143
37
7
214
156
243
102
110
87
160
38
8
43
182
141
157
99
129
175
209
39
8
201
209
5
83
142
168
37
50
0
8
98
240
44
241
156
69
15
210
1
4
70
2
165
68
2
2
193
223
3
4
197
23
0
36
4
5
178
42
169
162
212
5
5
94
30
228
75
39
6
7
168
104
187
1
48
85
86
7
7
6
94
173
22
38
8
130
8
8
47
163
9
136
43
66
128
26
9
6
52
139
75
111
17
144
10
7
239
146
119
181
197
225
128
11
8
37
38
68
190
157
100
6
131
12
6
36
61
200
166
172
57
13
5
19
13
27
36
1
14
7
152
153
192
1
135
70
240
15
8
186
151
216
222
17
230
209
7
16
7
53
59
82
102
222
121
30
17
7
62
31
180
123
19
214
224
18
5
66
219
150
106
143
19
7
198
216
67
8
48
173
132
20
6
163
26
68
136
9
17
21
6
52
139
62
111
196
17
22
6
239
146
119
181
128
15
23
7
157
37
131
70
38
6
231
24
7
166
147
50
230
61
172
36
25
4
0
27
1
241
26
7
152
192
196
1
135
153
70
27
7
17
222
178
35
79
186
151
28
4
56
59
30
138
29
5
62
130
180
123
19
30
2
66
143
31
3
70
67
198
32
1
14
33
2
68
103
34
3
103
11
146
35
2
136
6
36
6
58
25
127
171
31
112
37
4
221
152
24
53
38
4
138
222
156
143
39
6
61
14
255
235
172
155
0
6
17
52
209
220
198
53
1
2
69
219
2
2
139
93
3
3
243
207
199
4
2
149
137
5
4
16
77
102
38
6
0
7
2
255
224
8
1
211
9
1
79
10
0
11
1
242
12
0
13
2
53
88
14
1
227
15
2
8
160
16
5
33
214
128
165
42
17
4
90
113
117
6
18
4
114
232
26
149
19
3
58
210
126
20
2
153
70
21
3
75
91
10
22
2
168
53
23
5
80
242
100
68
240
24
2
34
222
25
3
88
136
207
26
2
2
5
27
3
252
10
7
28
1
128
29
1
240
30
1
36
31
2
18
58
32
2
197
190
33
1
5
34
2
196
227
35
3
5
131
40
36
4
48
44
67
114
37
3
225
162
139
38
3
185
115
167
39
6
197
77
167
44
220
6
0
7
13
2
29
41
20
131
116
1
8
44
77
90
72
245
80
235
114
2
8
67
163
70
26
90
102
116
42
3
6
180
178
5
222
118
132
4
4
206
221
166
148
5
2
187
35
6
2
58
189
7
1
96
8
2
73
63
9
1
128
10
1
138
11
2
222
220
12
1
50
13
2
185
0
14
3
17
237
250
15
3
10
112
178
16
2
169
234
17
4
60
203
21
164
18
2
116
36
19
1
55
20
1
215
21
1
32
22
1
19
23
3
222
220
70
24
3
200
11
47
25
1
101
26
2
252
129
27
3
26
112
33
28
3
181
102
234
29
2
164
21
30
2
116
63
31
0
32
2
254
92
33
4
161
181
143
185
34
3
109
175
48
35
3
74
161
114
36
3
79
55
126
37
3
196
240
43
38
2
132
149
39
4
5
175
224
209
0
2
159
69
1
3
253
246
61
2
4
33
71
160
104
3
3
239
138
246
4
1
44
5
2
48
17
6
2
57
32
7
3
223
60
238
8
2
121
17
9
0
10
2
19
242
11
0
12
0
13
1
191
14
0
15
0
16
1
240
17
0
18
2
90
110
19
1
199
20
1
121
21
0
22
2
137
242
23
2
174
197
24
3
155
152
135
25
2
18
22
26
2
169
203
27
1
142
28
3
188
237
161
29
0
30
4
190
114
188
165
31
3
14
108
199
32
5
102
48
77
21
156
33
5
234
107
198
102
95
34
3
240
220
67
35
3
94
2
85
36
5
142
246
248
202
152
37
4
60
209
135
228
38
5
119
163
201
234
15
39
6
75
246
1
248
92
215
0
8
142
166
97
123
113
205
210
215
1
7
34
123
26
11
132
87
59
2
7
164
249
90
38
162
40
210
3
5
37
211
46
146
31
4
8
161
154
65
14
167
240
160
30
5
7
161
235
142
120
181
170
191
6
3
196
246
219
7
5
199
91
2
23
74
8
3
33
212
115
9
4
39
132
98
29
10
2
137
26
11
7
69
107
174
20
197
154
22
12
3
160
56
15
13
5
29
138
74
112
154
14
5
238
51
252
160
213
15
5
65
213
36
155
33
16
6
96
137
95
119
205
218
17
5
166
94
188
229
220
18
5
148
220
36
70
158
19
4
4
130
197
70
20
3
212
35
250
21
2
39
0
22
1
83
23
3
20
69
12
24
3
67
3
27
25
4
112
29
241
193
26
3
78
79
237
27
3
65
166
177
28
5
96
73
169
83
147
29
2
203
232
30
4
148
70
17
220
31
1
130
32
4
99
113
171
158
33
4
190
232
205
41
34
4
88
161
97
55
35
2
39
71
36
3
207
49
98
37
2
15
225
38
4
71
80
4
14
39
5
244
72
69
183
250
0
8
106
66
172
121
22
63
111
6
1
7
191
250
128
223
112
242
211
2
6
87
22
198
217
110
121
3
6
226
202
92
177
166
73
4
6
118
242
105
139
54
228
5
4
194
10
249
100
6
4
3
182
100
39
7
4
44
131
32
3
8
3
35
164
57
9
5
240
151
120
0
9
10
4
88
253
220
254
11
5
49
130
195
142
101
12
1
67
13
4
111
100
142
241
14
3
38
70
79
15
2
166
240
16
5
26
169
83
73
30
17
3
102
232
55
18
1
6
19
1
233
20
0
21
1
240
22
3
88
253
26
23
3
49
130
101
24
1
230
25
1
17
26
2
250
70
27
4
214
10
252
209
28
2
129
231
29
5
102
220
236
113
224
30
2
122
6
31
2
233
132
32
3
162
194
135
33
3
94
168
185
34
4
19
54
187
212
35
2
40
123
36
4
8
0
204
31
37
2
98
84
38
1
22
39
5
16
145
146
220
252
0
8
28
222
60
20
31
70
177
120
1
7
153
178
175
8
245
126
131
2
6
228
42
116
126
187
105
3
5
197
23
61
243
207
4
3
166
178
32
5
4
75
248
48
38
6
2
201
17
7
5
130
246
166
60
34
8
2
236
248
9
1
196
10
2
15
67
11
3
146
240
67
12
1
48
13
4
0
253
193
185
14
2
15
174
15
4
112
105
214
211
16
2
53
129
17
2
4
19
18
2
66
47
19
2
47
224
20
1
39
21
1
162
22
0
23
3
146
73
240
24
1
166
25
1
211
26
3
219
144
79
27
3
18
83
112
28
3
234
10
82
29
3
126
4
225
30
3
209
143
18
31
4
55
60
219
47
32
3
92
57
85
33
3
102
197
176
34
2
11
80
35
1
44
36
5
37
79
55
44
138
37
2
196
162
38
4
132
52
87
138
39
6
99
77
66
44
224
6
0
6
13
159
19
230
47
224
1
8
61
80
76
150
104
164
141
219
2
6
162
119
141
190
177
220
3
4
30
239
86
192
4
1
206
5
1
64
6
3
195
46
219
7
1
96
8
2
63
17
9
3
32
79
128
10
2
138
176
11
0
12
0
13
2
194
126
14
3
17
185
227
15
1
95
16
1
227
17
4
9
47
220
27
18
2
209
229
19
0
20
1
172
21
1
214
22
1
138
23
1
222
24
2
158
235
25
1
52
26
4
17
181
185
40
27
3
17
6
178
28
3
212
164
83
29
2
9
164
30
3
116
151
99
31
1
132
32
3
26
120
28
33
2
162
234
34
2
122
228
35
1
176
36
2
50
16
37
2
89
134
38
1
17
39
2
8
175
0
3
132
67
53
1
2
247
90
2
4
155
254
71
111
3
5
60
124
63
245
206
4
2
191
39
5
2
134
189
6
2
4
201
7
1
223
8
0
9
1
144
10
2
242
137
11
1
197
12
3
183
233
57
13
2
198
53
14
1
15
15
2
252
209
16
3
128
222
226
17
3
90
6
232
18
2
149
248
19
3
210
179
185
20
0
21
2
10
144
22
4
160
209
30
57
23
4
80
190
8
176
24
4
183
233
34
31
25
4
53
246
9
174
26
5
72
227
76
141
15
27
2
75
105
28
3
227
74
135
29
4
150
224
55
6
30
1
122
31
2
12
241
32
2
132
135
33
2
223
3
34
5
114
240
140
103
44
35
0
36
3
204
98
114
37
2
7
9
38
1
119
39
4
75
146
129
252
0
8
142
166
123
113
97
205
150
215
1
8
34
87
64
59
5
177
199
26
2
7
164
249
146
90
59
151
50
3
7
211
37
46
146
59
135
142
4
7
131
161
14
167
67
201
170
5
6
235
99
191
186
181
139
6
2
215
167
7
5
176
66
40
163
29
8
3
33
89
215
9
4
39
132
29
94
10
3
248
231
253
11
6
174
36
203
249
73
185
12
4
160
119
78
213
13
5
33
112
74
241
211
14
3
147
105
81
15
3
166
65
237
16
5
156
26
218
73
83
17
2
110
94
18
2
128
122
19
2
12
120
20
1
33
21
2
132
39
22
3
248
26
69
23
2
36
101
24
3
69
27
252
25
4
33
198
242
193
26
2
147
66
27
2
65
140
28
4
156
83
73
220
29
3
57
110
136
30
2
128
47
31
2
120
94
32
2
113
238
33
2
190
101
34
4
88
19
34
228
35
1
46
36
2
207
16
37
0
38
1
131
39
2
16
145
0
8
120
78
6
177
223
105
66
75
1
7
76
164
191
245
1
153
252
2
4
76
42
85
61
3
5
23
254
163
192
56
4
4
166
203
206
202
5
2
48
38
6
1
32
7
4
84
34
6
166
8
1
248
9
3
32
62
154
10
2
67
20
11
3
146
136
240
12
3
115
27
144
13
2
198
126
14
1
171
15
3
178
95
17
16
3
227
129
214
17
1
4
18
2
229
107
19
2
47
23
20
1
134
21
1
0
22
2
20
59
23
2
136
197
24
2
115
242
25
1
87
26
4
171
144
50
17
27
4
97
95
83
12
28
1
227
29
3
4
19
9
30
1
209
31
4
47
37
55
249
32
2
26
28
33
1
54
34
0
35
0
36
5
138
17
21
228
31
37
3
110
244
158
38
4
149
150
242
63
39
3
209
83
136
0
8
156
131
15
5
253
132
87
45
1
3
203
150
73
2
7
12
144
62
136
250
215
155
3
4
167
40
72
121
4
0
5
2
82
64
6
2
195
140
7
2
223
236
8
1
121
9
1
58
10
2
176
162
11
1
237
12
0
13
0
14
1
2
15
3
143
8
160
16
0
17
1
165
18
2
157
194
19
1
146
20
0
21
0
22
3
57
160
176
23
2
71
227
24
2
135
66
25
1
53
26
2
5
2
27
1
186
28
2
74
12
29
3
150
165
119
30
2
104
229
31
1
204
32
2
133
74
33
1
162
34
4
114
153
163
15
35
1
121
36
2
112
40
37
3
144
156
137
38
5
43
197
236
24
129
39
5
201
5
218
210
170
0
3
44
53
52
1
6
56
69
71
37
100
80
2
3
254
220
71
3
4
217
88
254
12
4
4
210
3
32
191
5
1
177
6
1
54
7
0
8
1
236
9
0
10
1
205
11
1
12
12
2
238
183
13
2
136
246
14
0
15
2
3
252
16
5
128
74
122
33
226
17
2
12
28
18
3
248
26
109
19
2
5
179
20
1
221
21
1
144
22
4
209
30
200
140
23
2
8
190
24
4
183
233
69
152
25
3
246
9
58
26
4
227
72
141
174
27
2
230
105
28
1
226
29
2
55
247
30
3
180
61
99
31
4
23
12
154
241
32
1
126
33
0
34
4
240
140
142
108
35
1
155
36
2
208
36
37
3
4
91
54
38
3
88
131
231
39
4
75
222
172
142
0
8
142
166
113
123
97
150
215
205
1
8
5
87
64
177
139
34
156
155
2
5
249
146
155
67
50
3
7
46
142
27
135
246
153
123
4
7
14
161
67
167
201
240
81
5
4
224
134
85
139
6
2
190
163
7
3
176
8
163
8
3
33
66
43
9
3
39
10
126
10
4
248
144
240
23
11
3
36
42
135
12
4
233
135
129
170
13
1
33
14
2
147
141
15
1
209
16
3
214
156
109
17
3
110
6
47
18
4
128
107
157
189
19
0
20
0
21
2
132
39
22
2
5
7
23
2
216
4
24
2
64
72
25
3
174
207
33
26
4
2
147
76
216
27
3
65
160
8
28
4
156
220
214
135
29
4
110
165
57
6
30
3
128
122
194
31
0
32
2
238
132
33
1
1
34
2
88
19
35
0
36
1
207
37
1
42
38
0
39
3
129
252
165
0
8
106
6
22
153
51
85
49
227
1
3
90
77
123
2
5
16
128
226
108
28
3
5
98
97
238
160
208
4
1
72
5
2
67
191
6
5
215
24
221
85
242
7
4
44
235
66
33
8
4
164
248
249
215
9
6
240
98
171
118
9
230
10
4
60
231
167
253
11
4
174
101
249
49
12
6
160
115
242
78
119
203
13
4
112
29
152
245
14
4
50
171
71
40
15
3
189
83
117
16
4
26
83
73
212
17
1
57
18
2
112
122
19
3
12
120
94
20
0
21
0
22
3
248
26
231
23
3
36
101
136
24
2
27
252
25
3
241
193
17
26
1
50
27
3
166
189
209
28
1
129
29
2
131
55
30
2
112
47
31
0
32
0
33
2
73
94
34
2
34
54
35
0
36
1
181
37
2
7
93
38
0
39
2
16
145
0
8
78
224
20
120
186
135
223
217
1
7
223
178
1
175
8
131
126
2
4
76
105
190
73
3
4
108
249
63
254
4
2
137
32
5
2
232
225
6
2
19
25
7
2
8
206
8
0
9
2
128
162
10
1
15
11
2
146
131
12
1
47
13
2
198
136
14
0
15
2
112
178
16
1
107
17
3
86
27
164
18
3
209
99
47
19
2
249
248
20
2
11
128
21
1
214
22
1
137
23
1
197
24
3
128
242
119
25
5
19
101
91
242
71
26
3
171
40
150
27
1
33
28
5
82
219
193
162
218
29
4
119
94
88
99
30
3
63
38
162
31
1
146
32
2
58
148
33
2
131
60
34
3
153
202
245
35
3
121
106
38
36
4
21
55
138
161
37
2
92
119
38
6
132
150
177
236
149
18
39
3
83
101
226
0
3
198
52
116
1
1
134
2
5
3
71
254
42
143
3
3
243
61
87
4
3
203
178
43
5
2
227
117
6
1
4
7
1
120
8
1
17
9
2
62
234
10
0
11
0
12
1
57
13
2
246
19
14
1
232
15
0
16
3
193
102
42
17
4
214
94
119
21
18
4
90
17
151
106
19
2
160
4
20
1
121
21
1
8
22
1
142
23
3
174
201
203
24
3
11
160
183
25
3
28
237
246
26
2
203
138
27
1
26
28
3
181
188
102
29
4
166
21
214
132
30
4
190
104
114
17
31
3
252
14
108
32
5
77
102
48
21
156
33
4
132
107
143
224
34
7
220
240
175
109
67
64
252
35
4
94
2
85
61
36
6
202
246
152
248
142
195
37
6
60
43
135
161
174
67
38
6
30
234
255
9
201
254
39
8
75
92
248
235
1
91
246
250
0
6
142
113
123
150
205
215
1
7
34
59
26
11
199
132
64
2
6
59
164
103
17
146
210
3
5
211
124
37
135
142
4
6
131
161
154
170
230
190
5
6
161
186
104
10
14
224
6
2
167
241
7
6
23
40
29
33
163
74
8
5
89
180
52
57
115
9
8
39
13
29
197
69
94
44
131
10
4
130
196
216
185
11
5
203
154
128
248
12
12
5
1
63
26
56
15
13
7
43
154
29
134
28
237
130
14
8
51
137
160
52
105
47
124
155
15
6
162
165
181
213
87
4
16
8
5
205
233
243
182
95
196
150
17
6
87
166
255
229
254
61
18
5
205
161
16
57
197
19
5
252
20
109
199
14
20
6
115
4
120
212
116
43
21
4
151
197
5
13
22
6
24
63
196
8
80
53
23
5
154
111
250
84
239
24
6
222
1
84
135
152
170
25
3
18
29
134
26
3
51
137
52
27
4
110
65
142
8
28
4
161
20
237
31
29
2
123
206
30
2
188
165
31
1
199
32
1
62
33
3
190
126
121
34
3
88
208
87
35
1
6
36
1
207
37
1
153
38
3
163
66
84
39
2
215
203
0
7
188
66
6
60
223
224
234
1
8
43
191
198
123
211
158
204
66
2
7
110
230
150
23
86
92
198
3
6
116
202
177
155
218
101
4
4
71
94
12
32
5
5
81
249
115
92
35
6
4
235
92
1
55
7
5
85
109
243
238
181
8
3
120
212
46
9
6
5
96
98
10
120
196
10
6
218
9
63
171
213
69
11
6
114
153
130
8
66
116
12
2
78
222
13
3
38
116
241
14
3
40
129
185
15
3
142
123
248
16
6
20
137
181
54
188
214
17
3
218
206
236
18
6
238
232
188
69
114
26
19
2
108
91
20
1
189
21
3
96
111
182
22
5
218
9
205
97
140
23
5
114
248
130
8
101
24
1
206
25
1
38
26
4
40
129
220
141
27
1
213
28
3
137
231
19
29
2
218
189
30
4
69
238
221
157
31
2
28
60
32
3
146
195
221
33
6
181
97
168
37
12
36
34
6
212
55
255
238
19
90
35
4
49
212
39
73
36
6
234
227
147
34
210
138
37
5
15
90
84
210
93
38
4
86
15
44
114
39
5
165
72
36
224
252
0
8
93
210
228
187
22
117
14
170
1
8
96
234
209
171
40
183
241
57
2
7
123
250
20
209
236
196
172
3
6
4
228
17
20
203
170
4
6
119
123
228
2
20
55
5
4
194
114
159
229
6
1
94
7
3
84
8
52
8
3
43
200
248
9
1
162
10
2
240
163
11
0
12
3
154
129
135
13
2
246
53
14
2
15
76
15
2
83
141
16
3
128
186
33
17
1
47
18
2
157
107
19
3
210
126
18
20
3
17
39
153
21
2
10
144
22
1
5
23
2
190
240
24
2
233
183
25
2
207
116
26
3
15
76
227
27
2
10
186
28
1
33
29
1
41
30
1
110
31
1
245
32
3
17
206
194
33
4
40
63
53
94
34
4
205
54
188
187
35
2
132
100
36
5
253
239
0
42
8
37
2
57
153
38
1
22
39
4
16
145
62
203
0
8
2
223
29
41
86
73
169
5
1
7
82
91
187
179
153
221
48
2
7
194
237
95
56
139
77
182
3
6
132
41
1
207
162
73
4
3
149
225
178
5
4
213
115
38
166
6
2
62
25
7
2
167
253
8
3
189
215
46
9
2
234
182
10
4
117
17
5
8
11
3
231
209
103
12
2
166
152
13
1
42
14
2
255
129
15
3
160
156
116
16
4
138
42
53
240
17
4
238
78
185
28
18
3
130
238
219
19
2
14
213
20
1
189
21
2
213
75
22
4
17
8
194
117
23
2
209
231
24
2
166
119
25
1
42
26
2
129
80
27
3
79
116
160
28
4
138
214
129
81
29
2
78
90
30
2
130
72
31
2
247
179
32
5
197
14
101
75
243
33
4
5
103
171
3
34
5
227
11
213
152
140
35
4
73
12
98
214
36
4
48
114
244
139
37
3
14
162
45
38
2
185
162
39
3
77
197
13
0
7
177
224
175
31
55
13
152
1
7
49
197
155
165
5
35
208
2
7
57
235
17
155
4
75
130
3
4
213
66
215
218
4
3
44
93
207
5
3
187
225
93
6
0
7
0
8
1
236
9
2
144
173
10
2
9
205
11
2
38
59
12
1
233
13
0
14
1
141
15
1
141
16
2
186
193
17
1
206
18
2
199
46
19
2
60
151
20
2
43
26
21
1
182
22
2
216
5
23
4
59
220
222
137
24
3
128
205
157
25
4
116
19
140
36
26
2
93
47
27
2
216
33
28
5
190
193
33
82
78
29
2
88
21
30
4
162
250
151
232
31
2
151
60
32
6
76
179
109
144
120
81
33
4
181
104
102
11
34
7
44
72
240
238
220
70
28
35
4
148
74
190
71
36
5
227
142
115
98
147
37
5
78
27
93
126
15
38
3
119
215
80
39
6
158
244
122
72
165
179
0
8
117
187
185
121
243
171
11
93
1
8
81
169
2
13
66
133
195
43
2
6
85
215
63
118
169
149
3
7
138
221
170
216
122
14
195
4
6
119
55
105
20
60
8
5
4
61
194
27
2
6
5
55
235
3
123
90
7
2
181
243
8
4
112
38
212
7
9
4
120
19
178
206
10
4
163
63
229
15
11
4
18
142
216
170
12
2
106
67
13
2
200
116
14
3
38
76
80
15
3
241
216
99
16
4
54
149
78
218
17
3
236
248
88
18
3
6
214
106
19
2
71
70
20
3
112
38
66
21
3
120
19
178
22
3
163
174
246
23
3
18
142
130
24
2
106
67
25
3
200
13
110
26
4
38
76
230
72
27
3
241
213
99
28
3
54
149
231
29
3
236
190
155
30
5
6
221
149
214
41
31
4
233
43
179
160
32
6
17
194
89
199
206
210
33
5
23
214
21
94
105
34
5
187
54
248
58
177
35
2
212
151
36
4
253
0
8
34
37
4
84
90
164
147
38
3
22
86
136
39
4
16
62
36
181
0
8
181
82
99
107
251
83
39
246
1
8
166
89
45
119
248
9
237
220
2
8
246
112
209
213
101
191
125
102
3
6
158
217
5
99
4
189
4
6
69
133
49
23
227
210
5
5
174
35
68
106
162
6
4
49
211
194
172
7
2
195
228
8
1
68
9
1
175
10
5
68
191
209
134
235
11
4
64
207
40
130
12
2
210
77
13
3
164
230
195
14
2
172
23
15
2
252
8
16
2
122
45
17
3
26
190
206
18
3
55
238
63
19
3
237
179
211
20
2
68
242
21
2
4
190
22
2
68
71
23
4
64
207
190
208
24
2
210
6
25
3
164
199
241
26
2
220
255
27
2
197
26
28
1
21
29
3
26
206
101
30
3
55
238
165
31
3
237
60
27
32
3
224
197
62
33
5
179
201
156
117
40
34
4
49
217
213
188
35
3
224
214
244
36
4
255
24
239
57
37
4
50
14
57
83
38
3
146
44
160
39
5
85
177
13
203
125
0
8
41
109
2
24
225
86
115
163
1
7
185
236
32
64
144
56
226
2
7
221
77
55
7
63
83
160
3
5
218
202
66
177
39
4
4
149
243
137
93
5
4
115
213
16
102
6
2
245
149
7
4
167
219
96
32
8
2
215
58
9
1
162
10
3
117
63
158
11
4
209
170
216
59
12
1
217
13
3
36
110
100
14
2
199
80
15
3
116
150
123
16
2
154
21
17
1
49
18
2
114
157
19
2
71
206
20
2
7
82
21
0
22
2
117
17
23
5
209
231
137
59
151
24
2
166
66
25
2
230
110
26
2
93
141
27
2
116
142
28
2
138
226
29
2
78
189
30
1
70
31
1
247
32
4
120
14
12
146
33
4
103
181
75
5
34
4
227
11
94
5
35
0
36
3
48
129
44
37
2
162
126
38
4
124
39
185
226
39
3
77
44
242
0
7
178
55
13
204
175
174
199
1
7
44
49
206
10
194
253
80
2
5
242
252
20
235
35
3
5
192
191
7
216
175
4
3
44
30
148
5
3
93
217
81
6
1
57
7
1
152
8
1
68
9
1
27
10
2
216
232
11
2
85
220
12
1
178
13
2
28
128
14
1
23
15
2
33
156
16
2
190
122
17
1
164
18
3
63
250
70
19
4
70
14
151
179
20
1
0
21
1
122
22
2
216
242
23
3
85
220
190
24
3
128
99
205
25
1
19
26
2
146
47
27
3
33
209
32
28
4
190
147
169
179
29
1
82
30
2
63
250
31
0
32
6
76
85
18
246
222
182
33
5
11
95
56
102
212
34
2
72
239
35
1
191
36
4
210
202
49
226
37
3
84
60
129
38
3
80
75
56
39
5
146
165
244
172
36
0
8
226
146
96
247
11
171
93
198
1
6
169
16
160
39
66
81
2
5
174
254
208
75
142
3
7
221
188
21
170
122
2
111
4
7
20
105
60
119
181
2
8
5
3
61
194
27
6
1
16
7
3
253
219
141
8
4
112
35
248
49
9
3
206
122
178
10
2
229
163
11
4
18
130
142
180
12
2
106
67
13
2
200
254
14
3
216
38
172
15
2
241
103
16
3
149
39
179
17
4
236
155
88
102
18
1
6
19
2
233
34
20
2
112
82
21
1
206
22
2
163
229
23
5
18
130
142
240
101
24
2
106
67
25
2
200
110
26
4
38
172
216
82
27
3
241
213
103
28
3
149
231
54
29
3
236
155
113
30
1
6
31
2
233
229
32
5
89
194
199
17
210
33
3
214
94
23
34
4
187
54
182
58
35
1
7
36
3
253
0
8
37
2
164
140
38
2
22
136
39
0
0
7
47
203
222
163
119
28
55
1
3
153
204
98
2
4
3
211
160
7
3
3
61
7
151
4
3
178
137
207
5
2
252
16
6
1
129
7
1
6
8
1
63
9
1
79
10
2
246
242
11
2
59
67
12
1
27
13
2
13
185
14
2
199
23
15
1
214
16
2
102
53
17
4
214
213
190
164
18
3
13
47
248
19
3
43
179
85
20
2
128
21
21
1
75
22
2
242
216
23
5
201
231
59
218
70
24
2
11
12
25
2
19
237
26
1
196
27
2
239
112
28
3
193
196
53
29
5
88
61
21
166
9
30
3
162
232
50
31
3
4
252
205
32
5
179
125
246
87
109
33
3
104
162
132
34
5
44
238
140
28
83
35
4
74
190
148
185
36
6
142
37
115
79
227
125
37
6
27
196
78
93
101
126
38
5
236
119
88
215
169
39
6
158
231
142
179
136
44
0
8
123
196
249
229
216
105
7
160
1
8
225
155
231
27
11
244
150
93
2
7
103
4
17
145
210
57
100
3
8
133
187
31
37
152
235
84
199
4
7
54
142
102
236
13
222
167
5
8
104
161
186
193
6
90
205
235
6
5
167
153
61
245
62
7
7
23
29
147
64
35
74
163
8
7
234
52
180
212
164
89
116
9
7
94
29
197
164
203
131
98
10
6
169
130
198
196
185
171
11
7
189
128
248
108
206
62
111
12
5
26
74
63
1
15
13
7
134
147
154
43
74
29
95
14
8
51
137
124
52
160
47
105
155
15
7
162
165
87
58
81
181
148
16
8
5
205
43
133
196
170
150
51
17
8
87
250
166
61
76
0
172
255
18
7
205
179
187
57
134
161
226
19
8
20
109
4
205
130
252
160
26
20
7
234
115
116
212
4
239
83
21
8
29
197
94
164
13
203
131
6
22
8
169
198
130
196
63
236
185
150
23
7
189
42
111
128
206
62
12
24
8
74
26
63
15
220
1
160
3
25
6
134
147
43
154
29
6
26
8
137
124
52
51
138
148
60
169
27
6
181
81
162
165
200
58
28
6
5
133
95
188
150
170
29
4
250
172
87
76
30
6
179
187
205
17
115
13
31
2
130
109
32
6
98
77
99
186
192
134
33
6
238
183
73
232
126
86
34
8
84
96
207
101
180
252
21
173
35
4
57
160
145
61
36
4
181
70
248
211
37
5
58
31
182
190
143
38
6
92
148
71
84
59
66
39
6
2
69
189
38
213
217
0
8
40
106
66
46
185
22
32
63
1
8
242
128
211
19
124
112
226
86
2
8
217
60
58
121
255
80
10
219
3
7
202
117
214
92
191
177
219
4
6
122
118
139
215
88
242
5
7
147
67
11
100
254
10
158
6
7
166
183
208
55
122
230
65
7
5
242
79
101
7
109
8
2
35
57
9
5
217
240
151
178
156
10
5
142
62
161
114
26
11
7
69
27
49
195
236
170
247
12
6
56
191
138
7
154
132
13
5
76
168
142
22
111
14
5
241
169
138
146
255
15
4
110
120
96
57
16
7
119
95
45
237
42
121
214
17
3
229
132
139
18
6
215
158
159
16
106
190
19
2
218
213
20
4
124
66
35
184
21
7
217
240
151
145
0
178
223
22
6
62
142
51
171
222
53
23
6
27
49
69
195
236
250
24
6
138
56
19
191
132
7
25
3
142
76
113
26
4
241
75
39
146
27
6
110
120
57
3
142
8
28
5
45
119
237
99
167
29
4
188
50
139
189
30
4
158
159
190
157
31
4
218
245
211
7
32
5
96
42
116
243
62
33
4
151
58
224
11
34
5
205
87
12
196
149
35
4
153
73
39
12
36
3
49
8
42
37
3
15
60
90
38
1
86
39
3
9
72
241
