0
10
340
367
441
52
339
179
460
119
342
174
1
10
320
60
157
19
86
400
225
175
401
383
2
10
75
492
42
302
181
408
477
430
349
376
3
10
205
192
237
122
335
408
59
183
249
182
4
10
48
364
275
407
309
124
53
98
68
230
5
8
11
20
249
166
170
254
221
360
6
9
285
179
27
389
402
148
197
49
329
7
10
252
395
24
145
303
174
402
443
2
218
8
8
175
308
191
11
160
283
49
397
9
10
214
446
111
68
71
361
258
313
462
443
10
10
173
176
240
393
345
177
163
299
5
203
11
10
234
270
9
84
197
371
456
273
69
444
12
9
459
228
145
63
37
290
390
265
52
13
10
423
385
50
347
474
328
411
427
352
282
14
8
127
160
383
33
82
47
314
138
15
10
169
185
391
346
166
22
160
100
37
347
16
9
333
91
405
189
110
163
23
39
262
17
8
61
72
272
372
68
381
305
422
18
9
185
450
291
284
370
264
184
211
296
19
10
63
26
245
225
356
205
212
37
263
434
20
9
78
170
215
401
452
335
413
155
296
21
10
175
147
279
286
43
287
100
155
98
477
22
9
456
279
301
218
234
356
411
139
344
23
10
33
390
95
262
292
338
323
69
327
363
24
9
283
463
175
170
11
160
497
12
191
25
9
71
313
446
214
443
111
361
395
245
26
10
393
424
176
456
173
211
299
177
240
203
27
8
9
234
181
197
84
410
270
371
28
9
290
444
217
470
228
37
140
186
150
29
9
423
411
50
385
35
352
311
328
387
30
10
160
383
127
33
233
403
366
47
268
19
31
10
169
391
22
407
421
160
58
124
466
414
32
10
91
333
402
405
216
163
185
300
271
52
33
8
61
72
381
364
67
102
372
466
34
10
450
185
284
291
473
13
80
345
264
196
35
9
502
347
167
356
225
263
138
63
341
36
9
401
78
170
215
252
335
324
308
190
37
10
286
175
279
368
43
147
306
67
459
423
38
9
456
279
70
218
14
299
234
252
123
39
9
125
326
69
119
74
328
67
281
381
40
10
19
422
394
157
298
433
270
110
232
468
41
9
384
3
218
46
89
5
302
386
275
42
9
402
391
392
341
278
406
201
181
195
43
10
114
67
354
71
18
270
420
85
19
238
44
10
135
258
75
464
371
231
295
390
287
11
45
10
61
185
66
211
205
278
311
181
95
388
46
9
123
56
9
215
228
500
281
180
441
47
10
275
448
354
417
442
99
307
184
460
145
0
7
428
113
68
61
89
440
446
1
5
319
4
47
114
93
2
7
79
148
473
348
175
440
155
3
7
169
260
16
358
440
471
33
4
5
112
133
187
291
159
5
6
6
24
253
329
220
338
6
5
121
124
135
92
82
7
5
271
31
73
156
472
8
10
480
355
467
167
176
404
331
362
199
369
9
9
25
474
305
159
253
455
321
117
282
10
10
133
472
311
307
344
365
50
178
236
366
11
10
125
177
489
182
488
412
117
303
333
133
12
10
302
44
319
281
11
121
327
436
372
456
13
10
435
167
365
344
29
144
161
250
177
275
14
9
420
343
59
400
187
228
311
318
279
15
8
407
465
121
172
124
176
443
378
16
10
24
314
150
488
374
97
439
449
363
204
17
10
76
350
186
132
242
231
131
300
367
9
18
10
165
214
69
3
403
401
508
34
281
278
19
9
138
202
195
55
459
426
391
427
370
20
10
322
308
323
252
298
283
164
129
244
282
21
8
479
115
48
195
236
423
253
327
22
8
70
348
14
350
305
389
123
376
23
10
326
67
328
473
39
479
432
409
239
125
24
10
480
167
467
362
331
355
472
404
176
455
25
9
25
305
159
474
448
356
455
253
173
26
9
133
311
472
366
365
50
124
344
178
27
10
177
489
125
488
303
117
412
333
86
293
28
10
302
372
11
327
281
494
44
319
436
370
29
8
435
290
365
177
29
167
144
453
30
9
341
343
59
420
181
300
400
415
311
31
6
482
465
172
176
443
121
32
10
24
150
314
97
488
374
206
363
439
204
33
8
350
132
76
50
131
474
44
56
34
8
403
69
165
3
34
401
418
252
35
7
426
459
195
55
428
202
82
36
8
34
322
283
298
244
87
79
440
37
6
479
115
381
19
17
195
38
4
423
352
348
384
39
4
432
479
298
274
40
4
83
479
393
385
41
8
289
43
387
252
485
99
315
71
42
6
299
188
81
141
235
59
43
5
216
157
242
232
303
44
7
27
271
490
76
65
420
323
45
6
222
149
429
7
87
384
46
7
429
17
54
425
508
487
85
47
8
232
458
392
153
433
242
185
102
0
5
66
173
479
139
418
1
4
351
99
403
160
2
4
478
427
355
381
3
1
135
4
2
380
435
5
0
6
1
86
7
2
71
266
8
2
39
110
9
0
10
4
52
27
479
159
11
3
256
86
293
12
1
111
13
4
474
200
290
267
14
5
263
412
96
268
125
15
2
344
414
16
1
386
17
5
497
102
23
2
59
18
3
209
80
154
19
4
502
347
208
6
20
3
147
190
155
21
2
459
71
22
5
384
316
252
464
368
23
2
293
274
24
5
255
481
83
384
299
25
3
258
286
80
26
5
176
27
361
11
52
27
5
196
308
182
218
133
28
6
457
177
121
0
180
70
29
6
40
344
370
250
485
7
30
5
299
78
4
251
19
31
2
458
378
32
4
402
342
222
34
33
4
20
457
18
9
34
3
379
450
281
35
2
194
147
36
3
369
324
399
37
1
162
38
1
316
39
1
172
40
2
274
31
41
3
156
227
330
42
1
444
43
1
95
44
4
131
466
108
275
45
5
199
435
154
360
250
46
6
3
201
417
222
407
15
47
7
37
8
93
42
155
41
403
0
10
138
147
119
394
289
103
25
247
92
323
1
8
342
429
499
39
210
441
401
135
2
4
124
407
178
36
3
1
166
4
1
217
5
4
203
372
423
43
6
1
143
7
3
508
393
433
8
4
83
474
217
472
9
3
115
448
174
10
5
266
17
282
405
351
11
4
218
267
186
52
12
5
216
51
321
466
318
13
7
370
40
485
64
187
502
275
14
5
341
4
300
88
289
15
1
421
16
4
40
358
411
494
17
3
18
179
457
18
6
25
418
344
230
408
487
19
3
194
76
216
20
5
369
288
213
199
148
21
7
129
138
370
396
381
146
162
22
3
449
396
503
23
2
298
172
24
4
217
474
199
240
25
2
174
281
26
5
266
159
143
268
307
27
0
28
4
425
466
51
216
29
3
465
502
275
30
4
187
289
88
228
31
1
214
32
3
411
440
494
33
3
158
179
186
34
4
25
487
408
67
35
3
313
331
160
36
4
288
199
65
225
37
4
146
471
138
400
38
5
468
389
449
136
503
39
1
220
40
0
41
2
246
134
42
6
438
342
478
410
197
20
43
2
123
275
44
4
270
358
196
190
45
3
385
111
324
46
4
191
66
337
68
47
5
448
442
433
199
139
0
7
164
208
350
139
481
418
67
1
2
179
183
2
4
504
256
217
421
3
1
117
4
0
5
3
405
21
128
6
6
357
296
43
423
450
170
7
2
116
401
8
3
255
481
384
9
2
470
258
10
4
11
78
221
361
11
3
196
423
30
12
3
425
349
408
13
2
474
267
14
1
494
15
1
458
16
1
386
17
1
4
18
3
80
67
117
19
1
496
20
3
401
440
399
21
6
496
175
281
40
67
355
22
5
136
20
201
468
456
23
1
386
24
1
49
25
3
78
313
219
26
2
447
276
27
1
52
28
3
349
177
427
29
3
171
177
99
30
6
504
279
454
315
343
412
31
1
20
32
4
363
161
464
414
33
6
487
453
39
23
367
175
34
6
260
117
428
303
284
331
35
8
263
437
491
273
254
76
504
361
36
8
440
98
226
190
2
192
47
187
37
6
56
281
496
92
136
40
38
5
20
23
469
201
186
39
5
317
410
386
508
268
40
4
195
26
446
271
41
8
164
3
216
32
158
46
352
10
42
4
419
114
304
482
43
4
481
486
119
460
44
8
95
223
134
446
84
372
191
24
45
7
84
290
201
503
15
351
189
46
7
57
272
214
181
392
198
375
47
9
270
326
298
336
31
349
54
202
203
0
10
4
180
274
228
265
356
126
156
162
294
1
10
0
108
394
172
451
368
391
95
208
475
2
10
508
236
346
107
84
95
255
200
391
272
3
7
468
182
197
229
402
82
205
4
10
223
5
506
198
294
102
389
500
410
212
5
10
20
80
93
348
374
11
312
247
47
318
6
9
149
496
195
52
285
208
288
118
292
7
8
115
167
72
410
303
93
94
172
8
9
337
170
11
397
191
175
49
408
160
9
8
2
313
446
152
422
78
67
462
10
9
274
393
173
176
163
255
267
461
480
11
8
234
9
402
90
84
367
371
456
12
10
444
363
289
457
506
410
276
459
63
180
13
6
385
390
423
109
70
171
14
8
504
160
33
251
299
249
19
402
15
2
164
169
16
8
402
91
300
440
271
342
405
463
17
8
72
381
61
95
453
466
477
499
18
9
450
249
103
284
296
178
428
336
223
19
7
331
147
313
167
245
328
25
20
6
78
226
65
199
343
64
21
5
454
178
212
147
155
22
9
465
23
343
472
74
166
56
45
469
23
5
155
292
95
185
119
24
10
337
239
170
442
126
397
390
377
353
160
25
8
2
152
71
286
463
144
258
120
26
7
173
274
362
172
480
299
494
27
7
9
234
378
402
367
88
510
28
10
289
444
363
506
234
168
410
432
143
507
29
7
303
62
122
70
202
489
345
30
7
319
381
251
299
242
192
33
31
0
32
2
222
423
33
5
158
495
186
159
477
34
8
468
249
103
178
336
358
388
77
35
7
313
110
160
167
328
331
147
36
5
65
73
13
78
199
37
9
454
178
162
163
483
138
107
141
155
38
8
465
343
472
74
56
45
281
166
39
3
292
74
172
40
1
118
41
3
77
51
67
42
6
85
194
428
45
67
222
43
2
294
84
44
5
489
271
228
495
108
45
3
167
26
360
46
5
446
412
222
122
3
47
8
487
17
152
281
2
149
65
102
0
10
320
23
44
416
485
458
381
464
219
117
1
8
5
80
190
68
328
115
262
76
2
6
402
321
299
294
387
61
3
9
381
465
246
439
430
384
371
307
13
4
7
24
14
237
267
17
371
290
5
6
37
76
424
509
350
379
6
6
162
207
3
391
80
142
7
4
36
202
473
166
8
6
239
442
353
471
93
148
9
5
464
159
389
281
463
10
4
362
413
419
96
11
4
378
339
342
365
12
6
234
168
434
264
423
432
13
8
303
379
472
146
277
345
489
122
14
7
319
289
4
500
242
192
145
15
0
16
4
494
40
445
411
17
6
495
186
294
158
20
179
18
6
468
358
396
137
77
311
19
5
160
110
106
234
282
20
5
288
229
73
192
323
21
6
214
138
76
163
156
393
22
9
477
42
307
358
434
146
435
440
199
23
3
293
298
236
24
5
93
341
471
453
299
25
4
174
356
306
220
26
6
413
88
259
268
65
36
27
6
95
171
339
276
31
494
28
4
276
395
382
304
29
9
472
160
379
92
82
427
486
253
277
30
5
329
317
471
88
145
31
0
32
2
40
455
33
3
294
13
128
34
5
396
137
311
502
130
35
5
106
234
216
485
404
36
6
288
323
129
164
34
79
37
7
214
76
226
393
12
208
459
38
9
477
42
307
434
146
358
440
435
199
39
2
220
298
40
1
511
41
4
156
371
134
138
42
7
44
129
504
75
444
483
188
43
2
232
275
44
4
304
420
197
233
45
3
11
68
194
46
3
41
26
511
47
8
360
458
136
41
155
506
37
93
0
8
70
505
267
419
101
148
58
96
1
5
23
310
95
500
323
2
5
41
172
14
356
193
3
4
135
260
169
16
4
7
112
159
217
255
98
470
409
5
6
221
447
490
329
372
220
6
5
92
56
125
406
107
7
5
266
401
448
253
393
8
4
472
39
404
369
9
5
455
219
470
117
448
10
9
221
151
447
143
11
411
344
366
458
11
5
196
269
52
218
333
12
9
216
80
241
139
315
427
431
349
10
13
10
92
334
99
253
485
365
228
402
89
427
14
7
343
412
279
341
8
143
81
15
0
16
2
358
29
17
4
241
416
98
326
18
7
419
502
230
179
214
361
303
19
5
427
491
76
168
510
20
7
440
164
129
98
128
327
493
21
9
288
330
486
151
335
236
431
179
382
22
6
6
53
234
421
117
55
23
4
274
381
196
268
24
6
404
71
240
122
418
474
25
4
173
455
470
219
26
8
151
133
124
143
447
307
351
197
27
6
196
269
333
325
303
52
28
9
80
349
44
387
388
321
466
241
139
29
8
334
206
99
402
228
3
502
267
30
6
279
228
412
322
449
63
31
2
304
45
32
5
464
29
335
73
410
33
7
367
242
416
49
2
74
230
34
6
419
179
230
303
214
191
35
4
391
76
427
153
36
1
87
37
3
327
297
141
38
3
226
36
374
39
1
458
40
3
142
431
317
41
0
42
2
439
268
43
1
329
44
0
45
1
247
46
2
45
237
47
5
8
109
175
302
56
0
9
129
352
73
119
394
403
471
68
440
1
7
4
2
319
504
260
199
39
2
5
124
343
407
42
395
3
2
166
33
4
2
407
318
5
4
166
338
86
423
6
5
121
450
143
315
463
7
4
55
508
30
146
8
4
83
331
299
110
9
2
356
13
10
6
268
307
311
87
339
124
11
4
267
276
303
186
12
6
388
425
327
494
282
382
13
8
472
29
321
175
394
453
434
502
14
4
280
5
300
449
15
1
214
16
2
434
423
17
6
20
333
158
18
13
164
18
6
77
27
344
165
195
149
19
7
45
378
124
216
55
426
485
20
7
298
369
79
213
492
282
288
21
9
479
129
138
423
48
115
373
200
381
22
6
202
302
464
355
219
131
23
2
293
28
24
6
331
341
83
299
93
176
25
4
159
321
13
181
26
5
311
236
234
366
178
27
5
276
267
31
212
423
28
6
494
431
425
327
319
216
29
8
472
167
29
321
453
446
175
200
30
4
300
280
181
415
31
0
32
3
455
40
423
33
4
333
13
164
179
34
8
403
77
402
34
379
392
195
27
35
6
378
45
140
124
56
426
36
4
369
213
298
166
37
8
129
479
222
398
381
17
115
200
38
7
389
355
202
302
449
219
61
39
0
40
2
204
28
41
4
196
131
116
113
42
4
59
490
81
39
43
2
380
79
44
5
303
25
73
76
27
45
3
149
222
307
46
6
161
15
166
417
221
68
47
5
232
61
338
507
18
0
6
350
466
7
75
92
308
1
6
210
342
441
474
429
141
2
5
410
408
256
155
473
3
1
476
4
1
435
5
4
405
43
203
494
6
5
423
296
314
271
43
7
1
448
8
1
474
9
2
274
174
10
6
266
282
346
236
133
159
11
2
412
30
12
4
319
466
431
51
13
2
370
467
14
2
88
218
15
0
16
1
410
17
3
497
2
241
18
7
402
25
418
487
379
53
506
19
2
153
6
20
1
399
21
5
398
370
222
400
359
22
5
449
350
305
230
460
23
0
24
2
355
71
25
2
274
126
26
3
88
221
198
27
0
28
1
51
29
2
465
467
30
3
218
187
1
31
0
32
1
410
33
3
266
497
138
34
5
25
53
487
13
252
35
2
81
316
36
2
323
425
37
6
214
195
19
370
468
473
38
4
350
503
500
305
39
1
51
40
2
511
124
41
2
125
246
42
7
205
441
328
317
110
166
231
43
0
44
4
434
399
305
231
45
4
87
168
385
343
46
6
429
54
337
232
123
413
47
4
442
448
438
242
0
6
481
2
414
479
359
207
1
5
179
207
473
288
31
2
2
504
407
3
2
128
307
4
3
455
70
416
5
1
21
6
2
393
357
7
2
116
301
8
3
93
453
277
9
1
281
10
4
274
88
139
221
11
2
333
276
12
3
408
202
489
13
4
275
99
378
435
14
3
143
270
463
15
1
20
16
3
29
449
357
17
3
416
98
230
18
6
502
419
191
311
214
149
19
3
168
491
510
20
4
493
343
440
454
21
6
288
194
141
382
457
157
22
7
500
437
136
468
341
55
94
23
2
236
268
24
1
122
25
3
181
237
470
26
4
151
124
168
307
27
1
52
28
5
80
318
241
321
427
29
6
334
253
3
502
344
206
30
3
279
449
322
31
1
360
32
3
29
260
41
33
7
242
258
416
326
241
218
2
34
6
419
502
230
303
311
132
35
5
407
408
153
391
427
36
3
325
164
129
37
5
212
327
297
493
194
38
6
468
136
437
36
10
487
39
0
40
2
317
479
41
0
42
5
84
75
44
439
396
43
1
329
44
2
197
420
45
2
68
509
46
4
41
122
205
237
47
5
203
458
360
506
456
0
10
224
305
178
208
379
265
200
279
336
306
1
9
477
108
176
242
23
488
191
323
338
2
9
162
452
34
95
50
326
61
268
423
3
5
381
199
465
241
373
4
7
34
507
428
296
238
228
155
5
9
37
153
475
416
312
27
247
501
15
6
9
288
208
149
349
140
496
180
508
263
7
8
410
123
155
115
308
65
342
473
8
8
442
378
111
383
30
341
399
471
9
8
34
464
463
45
185
286
71
329
10
8
441
413
288
194
27
419
390
26
11
9
3
378
243
339
95
367
201
171
264
12
10
432
378
135
78
294
206
276
368
304
67
13
8
157
160
351
339
26
146
489
277
14
7
124
65
500
299
224
151
436
15
1
354
16
3
440
437
187
17
6
20
246
158
294
334
132
18
10
485
164
336
435
63
79
77
137
396
375
19
8
106
407
234
408
160
343
147
208
20
6
325
65
166
124
79
323
21
7
21
214
414
163
235
210
297
22
10
162
509
42
387
40
146
417
353
501
450
23
0
24
9
442
378
383
111
93
80
341
266
471
25
4
34
321
350
45
26
10
441
413
259
88
274
388
220
284
65
478
27
7
243
171
99
95
3
173
193
28
9
432
294
378
135
78
206
125
276
194
29
9
160
157
351
472
34
294
339
26
350
30
6
124
65
317
329
436
266
31
0
32
3
455
187
197
33
5
246
294
334
128
179
34
8
485
164
336
79
435
137
63
358
35
4
106
234
503
303
36
2
124
282
37
7
21
414
163
226
393
208
141
38
9
42
162
509
387
146
40
434
374
199
39
1
293
40
0
41
3
371
401
34
42
2
91
504
43
0
44
1
133
45
2
194
307
46
1
45
47
5
8
109
175
302
152
0
7
367
203
503
25
366
308
497
1
8
2
401
456
6
319
4
180
380
2
7
155
366
124
375
108
42
421
3
2
166
189
4
4
234
416
40
372
5
6
405
372
338
423
43
329
6
7
49
56
19
107
169
348
271
7
6
393
448
55
30
433
389
8
2
268
299
9
5
356
274
406
174
13
10
6
114
143
236
326
311
159
11
7
412
246
267
276
45
303
386
12
5
10
319
36
494
431
13
7
304
453
175
372
248
467
502
14
4
300
181
88
415
15
1
259
16
2
342
445
17
1
13
18
7
402
418
442
195
344
25
278
19
5
468
378
45
426
497
20
1
399
21
6
129
370
115
222
156
191
22
5
123
202
302
116
480
23
2
488
169
24
6
268
299
199
176
355
122
25
2
406
237
26
6
114
26
236
311
266
326
27
5
45
276
293
303
267
28
5
494
36
10
189
466
29
7
175
304
167
465
372
453
467
30
3
142
187
88
31
3
354
259
229
32
2
445
440
33
4
333
447
18
132
34
8
402
486
442
252
25
403
195
278
35
7
468
45
124
140
378
351
316
36
2
166
262
37
7
479
129
115
381
370
327
222
38
6
202
449
123
302
116
219
39
2
228
488
40
3
204
502
27
41
5
113
205
131
196
333
42
2
490
376
43
2
18
145
44
3
303
411
401
45
2
385
229
46
4
54
288
9
500
47
6
184
354
481
460
342
99
0
5
459
211
247
118
2
1
5
473
207
141
253
27
2
3
182
504
410
3
1
295
4
3
133
79
151
5
2
21
447
6
3
450
82
357
7
2
171
116
8
1
472
9
4
448
219
117
5
10
6
221
11
151
447
198
366
11
4
196
52
423
269
12
5
349
139
80
315
150
13
5
334
253
228
99
435
14
7
78
419
183
143
302
412
343
15
0
16
2
29
439
17
4
416
74
98
199
18
8
419
179
303
502
300
361
317
149
19
6
491
168
510
6
493
151
20
7
440
128
474
343
28
460
2
21
9
288
251
151
483
330
433
486
275
382
22
9
6
421
53
55
483
458
218
22
344
23
3
268
381
239
24
5
71
504
166
401
170
25
4
78
213
219
312
26
6
151
447
307
159
124
276
27
5
269
196
325
110
304
28
6
80
349
420
226
279
321
29
8
334
402
253
328
485
154
200
502
30
5
279
78
322
3
315
31
3
304
499
196
32
6
29
204
97
102
197
439
33
7
367
6
98
49
326
242
53
34
9
419
179
502
407
230
303
291
468
149
35
7
491
76
427
153
391
510
168
36
9
128
327
164
14
440
460
399
13
397
37
10
288
396
330
169
151
357
486
483
162
97
38
5
6
299
468
2
226
39
3
268
386
381
40
5
446
452
195
326
504
41
9
93
334
201
3
330
138
41
427
344
42
4
48
152
291
131
43
3
136
408
336
44
3
103
490
84
45
2
61
247
46
1
215
47
5
417
442
275
268
205
0
4
61
100
179
414
1
3
149
199
13
2
3
256
146
420
3
1
128
4
3
455
425
291
5
2
128
102
6
2
393
143
7
1
190
8
0
9
3
281
80
258
10
5
274
220
326
282
88
11
1
45
12
3
429
202
408
13
4
304
420
351
372
14
3
300
368
504
15
1
229
16
2
357
449
17
0
18
6
486
63
408
487
416
402
19
3
371
495
370
20
3
493
401
73
21
6
212
442
157
101
400
141
22
8
500
136
201
159
468
415
456
11
23
2
488
196
24
1
122
25
0
26
4
282
326
168
266
27
3
52
212
267
28
4
456
241
429
302
29
5
3
304
99
179
275
30
4
368
449
463
251
31
2
229
301
32
4
445
410
434
222
33
7
416
179
23
241
18
258
230
34
4
450
486
233
311
35
3
371
331
313
36
7
401
170
2
98
493
129
263
37
6
175
67
279
92
496
281
38
7
415
20
11
136
201
500
72
39
1
488
40
3
274
118
430
41
3
246
164
46
42
8
245
342
419
410
197
114
20
438
43
1
107
44
5
95
223
270
446
134
45
8
111
84
290
201
503
15
181
351
46
6
66
57
214
166
272
413
47
6
203
125
458
54
270
496
0
10
180
4
274
162
200
126
156
251
294
228
1
10
451
172
0
108
368
394
356
208
475
265
2
9
508
107
236
346
391
84
255
467
272
3
9
330
408
237
468
197
182
335
293
205
4
9
223
506
370
198
294
325
156
423
389
5
10
20
196
93
80
374
354
236
63
177
501
6
10
149
496
292
435
508
352
310
288
66
134
7
7
469
182
36
496
167
316
148
8
10
448
170
160
205
11
399
356
49
434
175
9
7
446
313
389
422
71
286
83
10
8
393
370
129
173
273
27
176
48
11
9
234
9
367
402
3
256
422
90
84
12
9
444
363
284
143
510
180
459
228
304
13
8
411
390
329
423
128
345
385
220
14
7
33
160
90
251
388
74
127
15
2
301
40
16
8
91
402
300
333
405
271
250
52
17
10
72
95
381
102
61
466
499
372
364
166
18
10
450
428
233
260
363
284
331
296
497
38
19
7
245
313
331
263
147
225
361
20
6
170
78
226
64
190
2
21
9
175
67
496
56
281
279
40
92
412
22
9
20
469
23
65
343
472
186
299
463
23
6
381
317
74
119
262
33
24
9
448
463
160
175
409
438
450
453
208
25
6
313
71
446
286
300
306
26
10
393
176
173
129
424
299
273
370
274
426
27
8
234
9
456
380
88
395
444
510
28
10
444
363
186
284
143
202
290
228
304
459
29
7
390
176
423
205
35
469
239
30
8
78
454
33
504
351
160
406
419
31
1
458
32
6
402
342
300
495
250
34
33
8
487
102
364
381
453
367
95
39
34
6
331
284
260
432
428
98
35
6
263
437
273
147
254
504
36
5
440
226
192
190
128
37
3
56
40
136
38
7
23
469
343
472
65
186
465
39
4
317
119
410
69
40
3
26
157
271
41
6
494
32
216
352
158
10
42
4
304
194
85
482
43
5
420
71
486
481
119
44
3
372
120
25
45
2
189
230
46
5
392
181
375
198
252
47
8
298
349
336
326
31
202
480
492
0
10
415
316
164
377
95
44
323
103
401
10
1
9
293
294
302
370
238
62
34
68
478
2
10
439
470
106
292
472
264
263
74
38
418
3
6
168
337
392
453
215
166
4
7
339
393
124
402
98
444
407
5
9
379
278
143
350
131
485
118
76
245
6
10
42
495
145
129
80
198
142
285
371
44
7
8
72
20
86
473
75
429
326
258
8
5
127
409
420
262
78
9
5
300
78
355
28
391
10
7
494
490
3
419
325
461
378
11
6
325
380
88
18
343
395
12
9
198
502
98
395
326
258
303
15
276
13
6
332
146
176
239
298
348
14
5
454
351
242
302
301
15
2
20
196
16
3
29
439
97
17
5
487
477
416
230
53
18
9
396
62
93
343
92
152
168
84
142
19
2
254
504
20
9
98
180
192
445
318
27
229
494
187
21
7
208
470
167
268
151
162
247
22
9
52
160
499
45
126
253
434
17
404
23
3
410
268
186
24
6
236
127
504
275
284
420
25
4
355
257
237
219
26
6
351
3
378
124
81
338
27
3
18
196
269
28
9
502
47
198
395
55
258
303
98
276
29
5
454
427
332
486
326
30
4
242
301
302
279
31
0
32
3
204
29
439
33
5
230
477
85
208
416
34
8
396
343
92
62
384
0
93
152
35
5
361
337
327
187
46
36
6
180
187
445
229
494
27
37
9
470
167
192
208
268
201
388
396
502
38
9
52
160
45
499
126
17
253
434
306
39
0
40
1
477
41
6
419
499
330
90
156
315
42
7
62
325
379
491
113
268
369
43
6
280
256
408
243
427
19
44
4
249
271
335
127
45
7
294
132
447
401
390
384
247
46
6
41
464
431
359
166
361
47
9
458
136
269
360
409
41
506
278
148
0
10
219
70
23
267
505
362
457
468
148
158
1
6
23
211
85
503
236
203
2
6
387
311
142
249
402
361
3
4
23
212
450
135
4
4
237
405
470
273
5
2
37
252
6
8
391
60
84
125
444
266
370
97
7
2
128
267
8
5
236
472
167
299
240
9
3
83
173
219
10
8
124
151
344
221
486
458
81
351
11
3
196
269
333
12
6
47
400
376
80
351
463
13
7
92
427
99
206
486
228
454
14
4
279
343
412
8
15
0
16
1
358
17
3
74
98
241
18
6
384
344
502
303
230
317
19
3
491
168
314
20
2
440
164
21
6
388
119
364
478
355
12
22
6
374
307
35
146
192
440
23
1
185
24
4
71
474
404
122
25
1
213
26
5
151
133
307
457
470
27
2
110
303
28
7
349
80
413
226
431
241
382
29
4
206
90
502
253
30
3
343
412
449
31
0
32
0
33
2
242
74
34
3
358
455
230
35
2
391
491
36
2
164
399
37
5
12
336
151
271
174
38
6
307
35
374
146
192
440
39
0
40
1
118
41
2
264
138
42
4
81
163
75
508
43
0
44
1
133
45
1
274
46
1
318
47
5
166
175
109
8
234
0
10
173
392
386
63
19
12
258
289
272
492
1
8
403
237
160
47
244
323
307
499
2
9
153
36
427
371
210
382
148
481
290
3
5
453
187
307
10
169
4
2
255
444
5
6
346
161
264
218
398
166
6
6
459
476
327
354
44
312
7
6
156
228
206
353
71
261
8
4
83
437
358
255
9
3
13
281
355
10
6
494
338
145
419
276
31
11
3
503
110
88
12
10
327
404
413
155
266
339
349
318
226
242
13
6
29
30
326
419
502
238
14
4
125
59
262
437
15
2
458
344
16
2
204
495
17
3
432
487
207
18
6
34
500
283
229
455
492
19
5
82
361
138
337
494
20
2
147
298
21
6
253
409
301
479
336
61
22
8
14
316
111
384
193
145
115
448
23
2
502
239
24
5
284
83
331
384
208
25
2
281
13
26
5
282
276
87
236
11
27
2
380
503
28
7
327
404
302
318
155
339
242
29
4
29
344
30
419
30
3
125
144
379
31
1
344
32
2
495
250
33
5
432
497
187
63
335
34
7
34
500
283
229
142
344
403
35
4
82
431
271
20
36
2
147
347
37
6
409
301
253
479
17
154
38
8
14
316
115
111
193
384
145
422
39
1
220
40
2
317
111
41
3
289
343
204
42
5
59
141
412
436
237
43
1
95
44
3
27
339
233
45
4
435
39
509
292
46
4
202
417
143
407
47
5
37
226
469
45
76
0
8
507
30
348
352
403
349
398
481
1
9
135
179
212
429
296
16
342
143
495
2
9
168
292
341
410
72
178
430
406
173
3
3
33
16
476
4
1
180
5
4
52
21
170
304
6
8
393
214
103
178
406
467
206
183
7
6
73
457
401
326
116
324
8
4
461
404
284
314
9
3
213
78
159
10
4
351
447
457
81
11
3
269
333
52
12
7
209
498
388
269
427
51
161
13
3
402
278
228
14
4
302
270
142
67
15
0
16
0
17
2
309
63
18
5
394
437
502
327
54
19
5
491
316
373
252
459
20
5
154
57
125
494
226
21
9
400
59
442
206
345
330
199
311
355
22
10
269
468
295
310
369
379
273
404
136
396
23
1
318
24
4
399
217
170
461
25
1
300
26
3
151
487
78
27
0
28
8
209
51
269
75
498
161
399
420
29
4
326
469
402
200
30
4
504
262
302
419
31
0
32
1
439
33
4
309
371
425
207
34
9
394
437
327
159
54
296
284
416
151
35
5
313
373
16
445
491
36
7
494
57
226
2
315
422
42
37
10
400
59
206
345
199
311
299
330
442
61
38
10
468
295
369
273
269
379
404
396
72
136
39
1
443
40
5
275
393
195
504
157
41
9
3
494
43
171
93
1
251
46
245
42
10
67
479
97
187
17
438
133
45
138
325
43
5
420
387
71
336
486
44
6
191
95
270
337
499
313
45
8
201
119
503
5
126
330
290
180
46
6
446
502
57
15
392
248
47
10
125
17
181
12
199
29
54
91
372
48
0
10
381
416
464
506
79
218
217
325
438
346
1
9
434
61
5
262
76
174
230
226
331
2
9
379
107
387
249
454
84
142
272
299
3
7
288
197
337
238
404
175
414
4
9
128
152
267
199
114
130
198
131
423
5
7
47
172
290
246
354
244
340
6
9
416
188
3
447
175
496
80
129
142
7
9
258
119
166
267
437
429
473
303
496
8
7
126
322
177
32
205
414
438
9
5
446
348
28
363
68
10
6
362
3
173
172
48
137
11
5
3
402
380
422
367
12
10
33
493
444
258
340
143
47
276
304
63
13
9
345
239
411
427
146
282
277
205
423
14
7
33
504
419
179
160
143
96
15
3
196
417
468
16
3
176
218
477
17
5
95
466
72
381
420
18
9
388
331
178
98
284
390
142
249
296
19
5
313
245
157
331
230
20
8
401
2
170
128
249
78
47
5
21
8
40
175
56
496
281
305
247
92
22
10
74
65
408
23
469
20
186
299
72
467
23
6
262
508
453
235
137
490
24
7
177
126
322
32
397
160
414
25
3
348
227
446
26
7
362
137
3
173
447
81
494
27
3
343
148
367
28
10
33
444
258
493
340
47
143
228
186
87
29
6
239
176
427
35
303
345
30
4
33
70
472
183
31
2
196
247
32
0
33
6
49
6
85
230
199
208
34
8
331
390
98
178
388
343
142
249
35
5
314
157
510
168
254
36
4
128
47
249
139
37
9
40
56
496
305
175
281
69
396
277
38
10
23
65
408
74
20
469
186
453
432
69
39
2
508
137
40
1
363
41
4
164
10
138
358
42
9
114
342
304
197
20
177
410
482
484
43
3
119
460
107
44
5
223
372
134
335
28
45
4
111
401
84
189
46
6
214
66
193
181
272
336
47
9
270
349
298
336
326
31
480
202
492
0
9
495
272
497
401
62
176
65
207
10
1
10
293
302
167
34
238
481
287
366
378
410
2
10
418
439
292
470
341
105
430
252
243
472
3
4
215
453
502
133
4
7
86
339
115
402
407
255
98
5
7
415
131
264
143
52
444
219
6
7
183
42
264
113
214
44
358
7
4
187
326
86
143
8
6
461
314
472
127
504
71
9
2
219
5
10
5
457
145
447
151
458
11
4
269
148
343
81
12
9
303
498
399
226
269
376
427
209
496
13
6
395
402
227
316
298
326
14
4
412
183
76
70
15
2
344
45
16
2
204
122
17
3
63
6
208
18
7
343
168
341
244
62
141
437
19
4
20
62
129
198
20
7
397
494
136
157
460
173
498
21
9
292
69
502
459
12
151
388
357
312
22
10
178
17
349
434
440
253
146
52
306
228
23
1
239
24
5
461
314
408
504
173
25
2
219
83
26
4
457
332
409
1
27
1
81
28
8
303
498
399
226
496
372
269
276
29
7
233
316
278
395
486
80
402
30
1
76
31
1
460
32
2
449
122
33
4
98
101
416
2
34
7
168
341
141
244
472
62
293
35
5
20
160
62
129
113
36
5
397
494
136
184
460
37
8
292
12
459
502
237
151
111
208
38
10
178
17
434
440
349
146
253
52
306
328
39
1
239
40
1
452
41
7
251
334
297
427
122
315
330
42
9
504
483
291
81
369
163
131
216
387
43
5
405
276
408
350
19
44
5
164
452
233
89
127
45
6
354
384
33
453
220
509
46
5
15
12
265
373
464
47
7
175
431
109
8
469
56
26
0
8
352
479
66
68
471
327
196
43
1
7
39
504
319
224
401
218
237
2
4
178
138
217
57
3
3
260
471
189
4
3
44
489
159
5
6
6
447
43
166
360
329
6
6
121
26
228
481
225
178
7
6
2
55
472
253
494
433
8
6
39
369
146
110
334
385
9
4
321
510
408
448
10
6
411
147
178
159
124
451
11
6
117
86
333
429
308
157
12
7
372
353
388
321
319
456
497
13
8
435
365
177
99
250
228
275
200
14
5
187
59
449
172
343
15
4
304
452
354
259
16
1
449
17
6
186
121
122
37
335
453
18
8
25
403
235
154
252
69
13
270
19
4
55
138
153
432
20
4
369
184
154
213
21
7
115
48
237
407
481
330
253
22
8
305
403
51
376
230
449
337
356
23
5
479
432
274
88
39
24
6
39
355
385
331
146
474
25
3
408
321
117
26
6
178
411
147
159
198
289
27
5
117
497
86
429
349
28
5
353
387
457
466
497
29
8
177
113
365
275
228
511
200
99
30
4
341
420
172
300
31
2
452
499
32
2
271
73
33
3
453
242
186
34
8
34
235
154
252
25
13
69
80
35
5
55
502
138
124
316
36
2
369
147
37
7
115
479
407
330
48
504
253
38
8
305
403
51
376
356
449
368
337
39
0
40
2
28
99
41
4
218
196
125
468
42
5
490
141
39
152
59
43
3
79
380
339
44
3
283
303
27
45
4
429
316
149
383
46
4
161
417
164
166
47
8
76
392
439
61
356
232
226
45
0
5
73
129
7
501
64
1
5
210
429
441
156
430
2
5
168
410
206
256
133
3
1
33
4
3
416
115
482
5
2
214
405
6
6
388
170
406
70
12
423
7
3
264
211
418
8
3
199
314
71
9
4
274
126
237
247
10
2
143
447
11
2
52
386
12
3
216
51
420
13
5
43
485
227
318
113
14
3
300
1
322
15
3
499
196
20
16
1
73
17
6
309
266
98
2
6
49
18
5
418
82
379
506
408
19
3
124
259
489
20
4
79
498
225
34
21
4
17
370
398
222
22
4
500
188
310
269
23
3
63
255
269
24
3
199
404
110
25
4
274
470
266
99
26
3
236
151
311
27
1
52
28
7
51
216
456
319
341
136
321
29
6
402
227
465
187
419
64
30
3
187
142
1
31
1
492
32
2
358
464
33
5
266
309
6
207
457
34
5
418
506
379
82
487
35
3
259
198
391
36
5
213
225
14
79
57
37
5
398
206
345
370
61
38
4
230
500
468
310
39
2
63
137
40
0
41
1
41
42
5
205
479
97
257
34
43
3
297
336
387
44
3
270
191
500
45
2
46
466
46
2
104
93
47
3
29
199
509
0
10
224
305
208
178
379
218
200
265
279
306
1
10
477
108
176
242
191
148
234
323
98
216
2
10
452
162
391
112
237
261
361
50
247
61
3
8
381
29
199
402
430
285
89
378
4
9
34
507
428
296
23
114
439
243
470
5
9
47
153
475
416
37
27
312
91
366
6
9
288
140
149
118
208
349
176
180
253
7
9
123
258
410
155
65
496
166
308
197
8
6
442
111
461
126
378
383
9
4
213
34
446
298
10
7
441
332
457
501
362
274
112
11
6
3
243
367
402
456
446
12
10
432
78
378
135
206
276
506
294
264
376
13
8
157
345
146
339
411
278
41
326
14
5
65
448
124
288
355
15
0
16
2
122
218
17
2
246
63
18
7
336
164
435
178
485
142
396
19
6
407
408
503
160
198
232
20
4
321
95
2
87
21
8
21
214
414
163
40
69
107
355
22
9
162
509
387
42
40
178
381
74
382
23
2
196
220
24
4
442
111
383
378
25
3
34
213
45
26
9
441
362
501
332
180
326
457
439
44
27
4
243
339
3
99
28
10
432
378
78
135
506
294
206
276
47
310
29
5
157
339
160
351
34
30
4
65
448
322
288
31
0
32
2
122
151
33
3
246
121
241
34
6
336
164
435
485
178
317
35
4
408
407
106
503
36
2
184
321
37
8
21
414
163
214
151
12
208
481
38
8
162
387
178
42
381
509
40
74
39
0
40
1
317
41
2
334
297
42
8
91
291
504
483
114
327
48
268
43
4
405
276
71
329
44
4
95
133
127
164
45
2
220
503
46
2
336
464
47
6
270
8
175
152
109
26
0
9
147
138
352
471
403
247
103
10
95
1
9
456
162
39
6
504
481
34
224
302
2
7
178
206
292
138
42
168
407
3
3
260
478
33
4
2
44
407
5
6
141
77
43
6
21
360
6
6
70
26
384
218
178
388
7
4
171
253
494
190
8
5
268
369
71
474
299
9
3
8
5
312
10
5
326
26
411
114
168
11
4
333
52
245
392
12
7
456
388
321
431
51
341
318
13
7
304
351
43
248
175
99
228
14
3
300
311
322
15
1
492
16
1
176
17
1
230
18
6
487
154
486
252
235
402
19
3
468
124
497
20
3
369
79
6
21
5
407
17
237
486
504
22
7
356
305
230
302
14
61
407
23
2
63
501
24
2
268
355
25
3
408
99
8
26
6
151
114
26
236
311
178
27
2
497
276
28
7
456
51
121
321
425
431
279
29
7
304
467
175
465
99
248
372
30
2
187
311
31
0
32
2
218
335
33
2
2
258
34
6
486
154
252
235
34
69
35
5
468
124
316
55
153
36
1
369
37
6
407
479
115
330
237
253
38
7
356
305
14
230
302
61
51
39
2
196
255
40
2
28
306
41
3
125
344
201
42
6
490
152
39
33
34
131
43
5
79
297
42
380
386
44
6
283
303
472
89
73
27
45
2
149
426
46
2
373
221
47
8
76
226
439
61
45
356
193
509
0
9
289
49
7
254
64
492
304
68
334
1
6
344
150
498
156
119
351
2
3
427
57
196
3
5
215
453
502
336
166
4
4
215
124
273
482
5
6
218
264
497
407
235
426
6
4
170
214
406
353
7
4
318
418
67
264
8
2
240
504
9
3
13
399
227
10
4
78
370
501
124
11
3
81
469
304
12
5
136
420
233
376
360
13
4
227
419
355
477
14
3
143
142
449
15
2
198
45
16
1
477
17
1
49
18
5
207
506
394
266
416
19
2
445
316
20
6
57
506
225
343
263
14
21
6
345
442
206
223
311
357
22
5
10
468
269
273
495
23
1
13
24
4
504
461
314
369
25
2
268
399
26
3
78
447
220
27
3
3
304
85
28
6
136
429
420
233
341
241
29
3
420
355
419
30
6
509
96
368
504
63
449
31
3
247
158
301
32
3
402
477
88
33
7
309
371
53
49
425
207
118
34
8
156
416
76
394
207
266
159
82
35
7
313
16
445
184
157
373
371
36
7
57
315
226
506
436
78
468
37
7
199
345
311
206
442
357
61
38
6
10
269
273
495
500
453
39
5
250
81
401
96
155
40
3
275
393
258
41
7
380
245
1
43
41
171
494
42
10
97
479
45
267
17
325
187
257
438
245
43
7
387
181
420
294
71
336
378
44
8
270
191
294
337
95
474
471
173
45
7
119
297
126
5
201
290
15
46
5
446
502
499
501
57
47
9
125
17
372
12
29
126
463
199
33
0
10
264
321
36
132
312
219
430
209
197
346
1
10
3
189
164
29
423
230
435
211
402
9
2
9
20
249
493
359
414
303
198
472
311
3
6
264
175
283
465
337
285
4
6
471
161
371
310
74
405
5
10
424
54
146
37
233
47
20
350
354
272
6
9
324
444
161
118
224
80
243
391
497
7
8
259
128
424
449
14
187
72
248
8
9
242
126
32
169
461
170
328
205
397
9
4
152
446
213
5
10
5
362
173
265
424
494
11
4
395
325
456
402
12
9
400
198
267
395
231
284
434
278
416
13
7
345
303
202
427
146
348
77
14
4
96
33
126
322
15
2
20
360
16
2
464
176
17
2
466
59
18
9
81
21
43
249
178
122
303
142
468
19
5
313
153
263
245
366
20
6
95
394
399
138
136
474
21
9
148
470
183
208
388
116
94
201
216
22
10
453
434
48
416
307
428
444
440
178
334
23
3
235
453
262
24
6
126
239
242
32
275
397
25
4
152
446
429
120
26
8
424
173
362
91
402
456
153
370
27
8
234
456
395
181
9
510
402
343
28
10
400
198
267
395
186
276
290
434
231
491
29
8
427
487
26
303
176
35
311
202
30
5
33
283
351
289
160
31
4
40
386
447
412
32
3
176
250
342
33
7
432
125
90
258
364
381
159
34
8
81
284
21
43
358
249
122
142
35
5
153
147
361
327
391
36
10
394
95
138
399
460
263
13
136
469
343
37
8
148
470
183
201
388
94
120
111
38
8
48
428
307
444
416
440
334
16
39
3
235
381
196
40
6
118
306
365
271
326
274
41
7
183
499
243
344
73
427
201
42
9
214
261
369
50
379
23
216
163
508
43
7
280
136
37
34
106
405
427
44
6
127
273
164
348
369
68
45
6
401
33
180
447
72
509
46
6
464
431
373
210
353
186
47
8
109
175
269
166
234
26
56
380
0
9
272
19
508
173
65
24
392
149
473
1
9
237
251
403
160
482
244
264
323
385
2
10
481
503
215
210
36
211
371
382
432
321
3
6
216
237
229
384
44
445
4
8
495
115
314
358
102
144
503
444
5
8
161
346
284
136
61
52
283
319
6
8
354
459
44
486
476
365
358
266
7
9
206
442
353
154
324
363
390
228
274
8
8
239
11
161
4
437
272
110
427
9
9
471
239
194
262
360
83
436
89
429
10
7
402
91
55
31
153
301
87
11
6
503
71
131
88
446
343
12
9
266
419
404
93
165
155
55
138
304
13
9
71
176
26
35
76
487
265
298
276
14
9
283
258
351
160
127
396
497
354
321
15
5
169
301
214
22
111
16
10
91
440
333
115
402
39
351
250
300
84
17
10
53
147
364
159
272
381
82
166
276
125
18
8
220
500
283
151
461
13
216
34
19
7
361
129
34
356
504
208
75
20
8
347
469
445
64
251
8
56
278
21
5
301
253
409
119
447
22
9
316
66
177
193
111
115
192
422
384
23
6
33
24
379
225
78
345
24
7
161
11
148
277
463
437
414
25
9
471
239
194
83
501
352
84
144
245
26
4
494
31
299
419
27
3
446
503
88
28
8
266
419
93
404
351
165
155
358
29
3
71
367
265
30
7
396
127
460
64
47
49
285
31
3
391
169
22
32
9
91
115
210
440
333
416
177
487
349
33
4
147
505
211
187
34
7
220
500
283
151
216
34
461
35
8
34
223
129
113
82
337
253
458
36
4
347
445
8
318
37
6
301
459
409
253
447
233
38
10
316
115
66
111
193
177
384
192
419
422
39
0
40
1
99
41
3
264
2
315
42
5
436
389
424
390
152
43
3
256
95
231
44
2
275
47
45
6
435
466
367
383
114
274
46
3
281
70
417
47
6
226
431
45
8
88
41
0
4
492
386
308
338
1
5
351
135
499
305
491
2
8
427
466
265
319
440
415
313
290
3
5
166
33
133
10
336
4
4
215
416
470
180
5
5
218
220
264
155
490
6
6
433
316
327
218
212
267
7
5
156
401
213
28
318
8
4
283
369
284
453
9
4
173
352
237
120
10
3
124
487
178
11
4
195
509
9
183
12
7
372
331
327
318
339
11
413
13
5
311
467
266
419
7
14
4
125
64
322
285
15
2
196
417
16
4
464
176
477
41
17
6
432
90
266
497
98
211
18
6
69
207
349
303
403
80
19
3
459
0
82
20
6
147
460
444
343
263
399
21
4
144
407
211
114
22
5
14
368
51
180
431
23
2
196
490
24
6
272
283
369
8
240
453
25
4
78
227
99
116
26
6
178
361
50
487
279
236
27
4
410
195
509
395
28
6
372
331
327
11
318
304
29
5
119
385
352
7
465
30
5
322
125
19
383
298
31
1
447
32
5
464
176
477
494
405
33
4
72
90
95
499
34
5
69
207
252
80
154
35
4
313
208
245
341
36
4
147
56
57
14
37
3
144
206
407
38
4
14
368
51
113
39
1
319
40
2
504
271
41
2
289
19
42
3
141
490
235
43
3
450
42
415
44
5
27
288
500
89
339
45
3
346
76
429
46
4
244
121
319
375
47
6
76
356
357
376
380
42
0
7
349
64
97
481
415
43
497
1
5
179
212
498
156
195
2
6
74
168
497
127
309
211
3
0
4
2
407
255
5
3
317
21
143
6
8
347
138
296
480
170
24
393
33
7
7
461
235
120
116
187
326
2
8
3
4
210
397
9
5
78
313
471
441
245
10
5
78
424
402
55
193
11
3
410
402
181
12
7
75
408
360
127
291
136
269
13
4
265
26
119
506
14
5
47
383
321
402
138
15
3
391
22
54
16
5
403
31
39
405
115
17
7
95
72
272
371
499
466
166
18
8
298
394
67
416
170
408
506
189
19
7
26
34
205
263
63
371
100
20
9
78
57
226
170
86
452
125
237
235
21
10
400
311
442
59
461
206
345
97
242
146
22
10
468
159
136
369
453
269
295
414
299
10
23
8
155
401
96
118
390
27
92
396
24
5
11
160
414
12
397
25
5
429
313
443
194
214
26
5
424
78
82
299
203
27
5
181
78
84
374
38
28
7
75
290
408
453
360
459
328
29
4
26
506
329
72
30
7
47
127
138
233
365
49
90
31
6
391
185
111
91
253
214
32
7
403
115
110
31
359
506
399
33
5
372
488
466
272
166
34
9
298
394
416
234
296
170
67
159
117
35
8
26
63
376
212
167
331
495
356
36
9
507
78
170
215
335
247
228
401
464
37
8
242
474
400
59
442
311
18
345
38
9
295
269
415
369
159
379
136
273
142
39
5
95
390
401
96
81
40
6
471
407
275
278
91
157
41
7
434
435
67
226
171
245
484
42
9
479
97
45
133
67
245
17
138
60
43
8
377
207
387
123
84
217
486
85
44
9
189
327
51
158
196
337
471
489
270
45
8
365
201
359
332
119
282
126
144
46
8
41
469
77
248
446
351
147
372
47
10
463
125
181
54
17
148
242
310
207
199
